{
  "advancedEditorSelectedIdentifier" : "ProjectBrowser",
  "openSceneRelativePaths" : [
    "Immersive.usda",
    "Scene.usda"
  ],
  "recentIdentifiers" : {
    "AF09ED6F-1707-48FD-8720-65B998362C09" : [

    ],
    "D66134B1-3681-4A8E-AFE5-29F257229F3B" : [

    ]
  },
  "sceneCameraHistory" : {
    "AF09ED6F-1707-48FD-8720-65B998362C09" : [
      {
        "date" : 729784320.402569,
        "title" : "Untitled",
        "transform" : [
          0.8742112,
          -3.320999e-09,
          -0.4855459,
          0,
          -0.2355515,
          0.8744436,
          -0.42410377,
          0,
          0.42458242,
          0.48512736,
          0.76444846,
          0,
          0.2583962,
          3.3712163,
          4.2663593,
          1
        ]
      },
      {
        "date" : 729784191.665092,
        "title" : "Untitled",
        "transform" : [
          0.99461424,
          -2.7263436e-09,
          0.1036463,
          0,
          0.06165863,
          0.80380386,
          -0.5916905,
          0,
          -0.08331134,
          0.5948944,
          0.7994746,
          0,
          -2.186336,
          3.8446474,
          3.1736894,
          1
        ]
      },
      {
        "date" : 729784179.145564,
        "title" : "Untitled",
        "transform" : [
          0.9284659,
          -4.26958e-09,
          0.3714178,
          0,
          0.16550606,
          0.8952291,
          -0.41373008,
          0,
          -0.33250403,
          0.44560617,
          0.8311896,
          0,
          -4.4236565,
          2.5282087,
          3.6149313,
          1
        ]
      },
      {
        "date" : 729784153.129293,
        "title" : "Untitled",
        "transform" : [
          0.9299026,
          -3.4147538e-09,
          -0.36780557,
          0,
          -0.17600352,
          0.8780749,
          -0.44498006,
          0,
          0.3229608,
          0.47852325,
          0.8165242,
          0,
          2.7920113,
          4.356423,
          5.9126015,
          1
        ]
      },
      {
        "date" : 729784140.479655,
        "title" : "Untitled",
        "transform" : [
          0.9928998,
          -1.5544721e-10,
          0.11895472,
          0,
          0.009874469,
          0.9965488,
          -0.0824209,
          0,
          -0.118544176,
          0.08301031,
          0.98947287,
          0,
          -0.09384942,
          0.2520394,
          0.109817386,
          1
        ]
      },
      {
        "date" : 729784096.632749,
        "title" : "Untitled",
        "transform" : [
          0.9999954,
          -2.4369795e-10,
          -0.003014671,
          0,
          -0.00042395797,
          0.99006206,
          -0.14063096,
          0,
          0.0029847203,
          0.14063162,
          0.9900575,
          0,
          -0.45148796,
          0.08442696,
          -0.6839912,
          1
        ]
      },
      {
        "date" : 729783888.817649,
        "title" : "Untitled",
        "transform" : [
          0.9999954,
          -2.4369795e-10,
          -0.003014671,
          0,
          -0.00042395797,
          0.99006206,
          -0.14063096,
          0,
          0.0029847203,
          0.14063162,
          0.9900575,
          0,
          -0.50450945,
          0.059776776,
          -0.7613139,
          1
        ]
      },
      {
        "date" : 729783823.651877,
        "title" : "Untitled",
        "transform" : [
          0.9999954,
          -2.4369795e-10,
          -0.003014671,
          0,
          -0.00042395797,
          0.99006206,
          -0.14063096,
          0,
          0.0029847203,
          0.14063162,
          0.9900575,
          0,
          -0.5032963,
          0.04369567,
          -1.0945444,
          1
        ]
      },
      {
        "date" : 729783820.184489,
        "title" : "Untitled",
        "transform" : [
          0.9999954,
          -2.4369795e-10,
          -0.003014671,
          0,
          -0.00042395797,
          0.99006206,
          -0.14063096,
          0,
          0.0029847203,
          0.14063162,
          0.9900575,
          0,
          -0.500998,
          0.013229732,
          -1.7258554,
          1
        ]
      },
      {
        "date" : 729783817.83391,
        "title" : "Untitled",
        "transform" : [
          0.9986414,
          -2.758509e-10,
          0.052108772,
          0,
          0.013000708,
          0.96837693,
          -0.24915278,
          0,
          -0.050460923,
          0.24949175,
          0.9670613,
          0,
          -0.51594275,
          0.04353064,
          -1.7294779,
          1
        ]
      }
    ],
    "D66134B1-3681-4A8E-AFE5-29F257229F3B" : [
      {
        "date" : 729787486.593545,
        "title" : "Untitled",
        "transform" : [
          0.578221,
          -7.827072e-09,
          0.81588024,
          0,
          0.190568,
          0.97233915,
          -0.13505715,
          0,
          -0.79331225,
          0.23357351,
          0.562227,
          0,
          -0.54605305,
          0.04028386,
          0.3534278,
          1
        ]
      },
      {
        "date" : 729787477.157214,
        "title" : "Untitled",
        "transform" : [
          0.97084737,
          -7.906872e-09,
          0.23969768,
          0,
          0.057373393,
          0.97093153,
          -0.2323795,
          0,
          -0.23273005,
          0.23935731,
          0.9426266,
          0,
          -0.18243492,
          0.04415326,
          0.6246695,
          1
        ]
      },
      {
        "date" : 729783542.722379,
        "title" : "Untitled",
        "transform" : [
          0.98067474,
          4.4100396e-10,
          0.19564478,
          0,
          0.103865035,
          0.84744334,
          -0.52062637,
          0,
          -0.16579787,
          0.5308858,
          0.8310664,
          0,
          -0.14498545,
          0.24519695,
          0.5867722,
          1
        ]
      },
      {
        "date" : 729783535.189065,
        "title" : "Untitled",
        "transform" : [
          0.9937663,
          -1.2013834e-10,
          0.11148289,
          0,
          0.06477605,
          0.8138748,
          -0.5774182,
          0,
          -0.09073312,
          0.58104026,
          0.8088015,
          0,
          -0.092755586,
          0.281174,
          0.58118975,
          1
        ]
      },
      {
        "date" : 729783532.989151,
        "title" : "Untitled",
        "transform" : [
          0.9937663,
          -1.2013834e-10,
          0.11148289,
          0,
          0.06477605,
          0.8138748,
          -0.5774182,
          0,
          -0.09073312,
          0.58104026,
          0.8088015,
          0,
          -0.0924913,
          0.2844947,
          0.5788338,
          1
        ]
      },
      {
        "date" : 729783530.990536,
        "title" : "Untitled",
        "transform" : [
          0.9937663,
          -1.2013834e-10,
          0.11148289,
          0,
          0.06477605,
          0.8138748,
          -0.5774182,
          0,
          -0.09073311,
          0.5810402,
          0.80880135,
          0,
          -0.1536431,
          0.472592,
          0.96153724,
          1
        ]
      },
      {
        "date" : 729783524.488413,
        "title" : "Untitled",
        "transform" : [
          0.99999994,
          0,
          0,
          0,
          0,
          0.8660254,
          -0.49999988,
          0,
          0,
          0.49999988,
          0.8660254,
          0,
          -0.050574377,
          0.38997895,
          1.0060198,
          1
        ]
      },
      {
        "date" : 729783517.271881,
        "title" : "Untitled",
        "transform" : [
          0.99999994,
          0,
          0,
          0,
          0,
          0.8660254,
          -0.49999988,
          0,
          0,
          0.49999988,
          0.8660254,
          0,
          -0.008207606,
          0.5837056,
          0.89417183,
          1
        ]
      },
      {
        "date" : 729783488.540934,
        "title" : "Untitled",
        "transform" : [
          0.99999994,
          0,
          0,
          0,
          0,
          0.8660254,
          -0.49999988,
          0,
          0,
          0.49999988,
          0.8660254,
          0,
          -0.019064218,
          1.3558022,
          2.0769377,
          1
        ]
      },
      {
        "date" : 729783283.31287,
        "title" : "Untitled",
        "transform" : [
          0.99999994,
          0,
          0,
          0,
          0,
          0.8660254,
          -0.49999988,
          0,
          0,
          0.49999988,
          0.8660254,
          0,
          -0.023566138,
          0.42171103,
          0.7376268,
          1
        ]
      }
    ]
  },
  "selectedSceneRelativePath" : "Scene.usda"
}